11
19
36
68
135
262
288
238
337
129
247
308
197
379
50
94
177
340
122
233
351
107
201
387
29
54
100
191
368
71
138
268
275
259
291
230
358
92
171
331
147
283
246
313
183
350
109
205
395
17
33
64
127
241
328
155
309
193
373
57
105
199
382
40
73
141
273
263
285
243
317
179
344
116
217
384
37
69
136
264
284
245
314
182
349
110
206
396
15
31
59
111
207
397
14
25
46
84
160
318
176
339
124
235
346
114
211
393
20
39
72
140
272
266
280
252
301
214
388
28
48
88
166
325
158
312
184
353
102
194
375
55
103
195
377
52
97
188
359
91
170
330
150
292
229
360
90
169
329
154
306
202
391
23
43
79
149
287
239
336
131
249
305
204
394
18
34
66
130
248
307
198
381
44
80
151
298
220
374
56
104
196
378
51
96
186
355
98
189
364
81
152
300
215
386
30
58
108
203
392
22
42
78
148
286
242
324
161
319
174
335
132
253
299
218
380
49
89
167
326
157
311
185
354
101
192
369
65
128
244
316
180
345
115
216
385
35
67
133
254
297
221
372
60
117
219
376
53
99
190
365
76
145
279
255
296
224
367
74
143
276
258
293
227
362
86
163
321
172
333
139
270
269
271
267
278
256
295
225
366
75
144
277
257
294
226
363
82
153
304
209
399
4
7
10
16
32
62
123
234
348
112
208
400
1
2
3
6
9
13
24
45
83
159
315
181
347
113
210
398
5
8
12
21
41
77
146
282
250
303
212
390
26
47
85
162
320
173
334
134
260
290
231
356
95
178
342
119
223
370
63
126
240
332
142
274
261
289
237
341
120
228
361
87
165
323
164
322
168
327
156
310
187
357
93
175
338
125
236
343
118
222
371
61
121
232
352
106
200
383
38
70
137
265
281
251
302
213
389
27
