0.001000
0.003996
0.015920
0.062667
0.234958
0.719012
0.808135
0.620210
0.942198
0.217844
0.681551
0.868156
0.457844
0.992891
0.028232
0.109741
0.390793
0.952295
0.181717
0.594783
0.964065
0.138575
0.477487
0.997973
0.008093
0.032109
0.124313
0.435437
0.983326
0.065583
0.245126
0.740157
0.769298
0.709914
0.823745
0.580757
0.973913
0.101626
0.365193
0.927309
0.269629
0.787717
0.668875
0.885925
0.404248
0.963326
0.141316
0.485383
0.999145
0.003415
0.013615
0.053719
0.203332
0.647952
0.912441
0.319570
0.869781
0.453049
0.991183
0.034959
0.134946
0.466944
0.995629
0.017407
0.068416
0.254941
0.759785
0.730047
0.788313
0.667502
0.887772
0.398532
0.958817
0.157948
0.532003
0.995903
0.016320
0.064214
0.240362
0.730353
0.787749
0.668802
0.886024
0.403941
0.963091
0.142187
0.487880
0.999412
0.002349
0.009374
0.037144
0.143056
0.490364
0.999629
0.001485
0.005931
0.023584
0.092111
0.334508
0.890449
0.390198
0.951774
0.183600
0.599565
0.960347
0.152321
0.516478
0.998914
0.004339
0.017283
0.067936
0.253282
0.756521
0.736787
0.775728
0.695897
0.846498
0.519756
0.998439
0.006235
0.024785
0.096683
0.349342
0.909209
0.330193
0.884662
0.408142
0.966248
0.130451
0.453733
0.991437
0.033957
0.131216
0.455994
0.992254
0.030745
0.119197
0.419957
0.974372
0.099884
0.359627
0.921182
0.290423
0.824309
0.579294
0.974850
0.098072
0.353814
0.914519
0.312697
0.859670
0.482551
0.998782
0.004866
0.019368
0.075971
0.280799
0.807803
0.621029
0.941408
0.220637
0.687826
0.858886
0.484804
0.999076
0.003692
0.014712
0.057981
0.218475
0.682975
0.866080
0.463940
0.994799
0.020697
0.081073
0.298001
0.836786
0.546301
0.991425
0.034006
0.131399
0.456534
0.992443
0.030000
0.116400
0.411406
0.968604
0.121641
0.427377
0.978904
0.082606
0.303127
0.844965
0.523997
0.997697
0.009193
0.036432
0.140419
0.482807
0.998818
0.004724
0.018808
0.073815
0.273466
0.794729
0.652538
0.906928
0.337637
0.894553
0.377312
0.939791
0.226337
0.700434
0.839305
0.539488
0.993763
0.024793
0.096714
0.349442
0.909329
0.329798
0.884125
0.409792
0.967450
0.125960
0.440378
0.985781
0.056068
0.211699
0.667530
0.887735
0.398647
0.958910
0.157606
0.531065
0.996140
0.015381
0.060578
0.227632
0.703262
0.834738
0.551801
0.989267
0.042472
0.162673
0.544841
0.991957
0.031913
0.123579
0.433227
0.982166
0.070065
0.260623
0.770795
0.706681
0.829132
0.566689
0.982211
0.069892
0.260028
0.769655
0.709145
0.825033
0.577415
0.976028
0.093591
0.339325
0.896735
0.370407
0.932822
0.250660
0.751317
0.747358
0.755255
0.739379
0.770791
0.706688
0.829120
0.566721
0.982193
0.069958
0.260256
0.770091
0.708203
0.826607
0.573312
0.978501
0.084145
0.308260
0.852943
0.501726
0.999988
0.000048
0.000191
0.000762
0.003047
0.012150
0.048009
0.182818
0.597582
0.961911
0.146553
0.500300
1.000000
0.000001
0.000006
0.000023
0.000092
0.000368
0.001470
0.005872
0.023352
0.091227
0.331617
0.886589
0.402197
0.961738
0.147191
0.502104
0.999982
0.000071
0.000283
0.001133
0.004528
0.018031
0.070825
0.263234
0.775767
0.695811
0.846633
0.519382
0.998497
0.006002
0.023863
0.093175
0.337973
0.894989
0.375935
0.938431
0.231112
0.710797
0.822259
0.584597
0.971373
0.111228
0.395426
0.956257
0.167319
0.557293
0.986870
0.051830
0.196573
0.631729
0.930590
0.258371
0.766461
0.715995
0.813385
0.607159
0.954068
0.175289
0.578252
0.975506
0.095575
0.345762
0.904843
0.344410
0.903167
0.349826
0.909791
0.328284
0.882055
0.416137
0.971868
0.109363
0.389611
0.951258
0.185467
0.604275
0.956507
0.166406
0.554861
0.987961
0.047575
0.181248
0.593588
0.964965
0.135230
0.467771
0.995845
0.016551
0.065107
0.243473
0.736777
0.775747
0.695853
0.846566
0.519568
0.998468
0.006117
